SD initialization failed!
Is there an SD card inserted?
##########################################################################################
### CosmicWatch: The Desktop Muon Detector
### Questions? saxani@mit.edu
### Comp_date Comp_time Event Ardn_time[ms] ADC[0-1023] SiPM[mV] Deadtime[ms] Temp[C] Name
##########################################################################################
Device ID: Leonardo
1 3075 103 22.23 0 22.40
2 3186 282 49.11 5 22.40
3 3538 326 59.13 10 22.51
4 3590 188 32.01 15 22.40
5 3670 71 19.06 20 22.40
6 4700 88 20.96 25 22.29
7 5361 62 17.75 30 22.29
8 5371 121 23.66 35 22.40
9 5480 207 35.26 40 22.40
10 6296 142 25.64 45 22.62
11 6440 271 46.93 50 22.40
12 6841 60 17.43 55 22.40
13 7204 117 23.34 60 22.29
14 7432 85 20.67 65 22.40
15 8716 60 17.43 70 22.40
16 8810 419 97.20 75 22.40
17 8821 60 17.43 80 22.51
18 9433 504 143.61 85 22.29
19 9800 63 17.91 90 22.40
20 11048 255 43.96 95 22.29
21 11356 76 19.69 100 22.51
22 11445 51 15.86 105 22.62
23 12004 332 61.17 110 22.51
24 12065 97 21.75 115 22.40
25 12737 58 17.10 120 22.40
26 13794 265 45.75 125 22.40
27 14663 344 64.67 130 22.29
28 15592 76 19.69 135 22.40
29 15642 262 45.24 140 22.51
30 16444 448 112.41 145 22.19
31 17103 172 29.49 150 22.29
32 17464 300 52.79 155 22.29
33 17581 59 17.27 160 22.29
34 17773 50 15.67 165 22.29
35 17838 62 17.75 170 22.29
36 18267 83 20.46 175 22.29
37 18783 70 18.93 180 22.29
38 19167 77 19.81 185 22.29
39 20431 96 21.67 190 22.29
40 20656 62 17.75 195 22.29
41 21401 172 29.49 200 22.29
42 21685 530 159.82 205 22.29
43 22059 88 20.96 210 22.51
44 22959 124 23.92 215 22.29
45 23175 69 18.79 220 22.40
46 23789 186 31.68 225 22.29
47 23897 51 15.86 230 22.19
48 24038 93 21.41 235 22.19
49 24256 248 42.69 240 22.29
50 24998 227 38.83 245 22.40
51 25458 134 24.82 250 22.29
52 26156 335 61.77 255 22.40
53 26435 127 24.18 260 22.29
54 26524 83 20.46 265 22.40
55 26680 56 16.76 270 22.40
56 26867 131 24.54 275 22.29
57 26903 56 16.76 280 22.51
58 27247 99 21.91 285 22.29
59 27413 93 21.41 290 22.51
60 27571 62 17.75 295 22.29
61 28033 63 17.91 300 22.29
62 28357 58 17.10 305 22.40
63 28837 97 21.75 310 22.51
64 29117 327 59.28 315 22.29
65 29720 444 109.09 320 22.40
66 30785 238 40.82 325 22.40
67 31403 70 18.93 330 22.40
68 31950 67 18.51 335 22.62
69 32035 195 33.17 340 22.40
70 32136 227 38.83 345 22.40
71 32235 71 19.06 350 22.40
72 32490 92 21.32 355 22.51
73 32545 352 66.89 360 22.40
74 33177 56 16.76 365 22.51
75 33367 110 22.78 370 22.51
76 34451 56 16.76 375 22.40
77 35033 56 16.76 380 22.40
78 35045 255 43.96 385 22.51
79 35258 376 76.43 390 22.40
80 35433 88 20.96 395 22.51
81 35808 560 175.34 400 22.40
82 36112 287 50.23 405 22.29
83 36535 259 44.69 410 22.51
84 36799 396 85.28 415 22.40
85 37095 57 16.93 420 22.40
86 37277 252 43.42 425 22.51
87 39022 56 16.76 430 22.29
88 39689 51 15.86 435 22.40
89 39818 88 20.96 440 22.29
90 40502 211 35.96 445 22.40
91 40701 344 64.67 450 22.72
92 40981 229 39.22 455 22.51
93 41117 231 39.55 460 22.51
94 42351 131 24.54 465 22.51
95 42473 362 70.92 470 22.40
96 42720 96 21.67 475 22.40
97 43125 133 24.73 480 22.29
98 43430 63 17.91 485 22.51
99 43729 56 16.76 490 22.40
100 44488 108 22.63 495 22.40
101 44628 344 64.67 500 22.40
102 44985 62 17.75 505 22.29
103 45920 99 21.91 510 22.62
104 46055 51 15.86 515 22.40
105 46109 225 38.48 520 22.51
106 46382 187 31.84 525 22.40
107 46545 103 22.23 530 22.51
108 46857 412 92.93 535 22.51
109 48904 61 17.60 540 22.40
110 48936 62 17.75 545 22.40
111 49306 56 16.76 550 22.40
112 49554 70 18.93 555 22.62
113 49915 141 25.53 560 22.29
114 50328 90 21.14 565 22.51
115 50637 184 31.36 570 22.40
116 51005 56 16.76 575 22.40
117 51692 133 24.73 580 22.51
118 52047 60 17.43 585 22.29
119 52339 51 15.86 590 22.51
120 52445 51 15.86 595 22.51
121 53239 121 23.66 600 22.40
122 53419 74 19.44 605 22.40
123 53532 70 18.93 610 22.51
124 53671 243 41.74 615 22.29
125 53868 88 20.96 620 22.62
126 54726 79 20.03 625 22.51
127 55567 216 36.85 630 22.40
128 56079 51 15.86 635 22.40
129 56172 62 17.75 640 22.40
130 56190 81 20.25 645 22.40
131 56491 94 21.50 650 22.62
132 56543 66 18.36 655 22.40
133 57207 57 16.93 660 22.62
134 57537 71 19.06 665 22.62
135 57789 69 18.79 670 22.40
136 57888 67 18.51 675 22.51
137 58158 56 16.76 680 22.40
138 58385 88 20.96 685 22.51
139 58801 66 18.36 690 22.51
140 58820 56 16.76 695 22.72
141 58838 359 69.86 700 22.51
142 58977 192 32.67 705 22.40
143 59193 78 19.92 710 22.62
144 59440 115 23.18 715 22.40
145 59819 92 21.32 720 22.40
146 60072 63 17.91 725 22.40
147 60262 96 21.67 730 22.40
148 60597 92 21.32 735 22.51
149 60679 115 23.18 740 22.62
150 60872 108 22.63 745 22.51
151 61571 216 36.85 750 22.51
152 61762 66 18.36 755 22.62
153 61973 295 51.75 760 22.51
154 62163 76 19.69 765 22.40
155 62224 300 52.79 770 22.51
156 62380 63 17.91 775 22.29
157 63096 211 35.96 780 22.29
158 63109 103 22.23 785 22.51
159 63483 79 20.03 790 22.40
160 63522 120 23.58 795 22.29
161 63704 71 19.06 800 22.62
162 64595 60 17.43 805 22.40
163 65502 409 91.12 810 22.51
164 66350 97 21.75 815 22.51
165 66445 252 43.42 820 22.40
166 66811 60 17.43 825 22.40
167 68860 79 20.03 830 22.62
168 69024 103 22.23 835 22.72
169 69297 76 19.69 840 22.51
170 69323 112 22.94 845 22.72
171 69481 83 20.46 850 22.51
172 70011 103 22.23 855 22.51
173 70308 50 15.67 860 22.40
174 70992 79 20.03 865 22.40
175 71067 56 16.76 870 22.51
176 71080 94 21.50 875 22.51
177 71099 124 23.92 880 22.51
178 72261 67 18.51 885 22.62
179 72324 108 22.63 890 22.40
180 72375 281 48.90 895 22.51
181 72795 60 17.43 900 22.72
