Event	Ardn_time_ms	ADC_0_1023	SiPM_mV	Deadtime_ms	Temp_C
1	2671	121	23.66	0	22.62
2	3505	254	43.77	5	22.72
3	3694	101	22.08	10	22.51
4	3840	211	35.96	15	22.51
5	4237	217	37.04	20	22.72
6	4769	96	21.67	25	22.51
7	4954	48	15.29	30	22.72
8	5378	177	30.25	35	22.83
9	5725	460	119.54	40	22.51
10	6046	67	18.51	45	22.72
11	6634	335	61.77	50	22.62
12	6793	131	24.54	55	22.51
13	7109	108	22.63	60	22.62
14	8966	856	997.78	65	22.72
15	8980	176	30.09	70	22.72
16	9329	63	17.91	75	22.51
17	9689	56	16.76	80	22.72
18	9808	384	80.08	85	22.83
19	10208	71	19.06	90	22.72
20	10847	280	48.67	95	22.62
21	11198	76	19.69	100	22.62
22	11508	220	37.58	105	22.83
23	11521	67	18.51	110	22.72
24	11578	56	16.76	115	22.94
25	11724	107	22.55	120	22.51
26	12076	188	32.01	125	22.51
27	12386	207	35.26	130	22.72
28	13018	377	76.28	135	22.83
29	13032	423	97.36	140	22.72
30	13130	295	51.75	145	22.72
31	14203	56	16.76	150	22.83
32	14420	393	83.55	155	22.72
33	14690	65	18.22	160	22.72
34	15065	304	53.73	165	22.72
35	15492	135	24.92	170	22.83
36	16421	77	19.81	175	22.94
37	16586	615	227.36	180	22.62
38	17313	255	43.96	185	22.51
39	17739	53	16.22	190	22.94
40	18081	60	17.43	195	22.83
41	19109	99	21.91	200	22.94
42	19191	153	26.9	205	22.62
43	19686	67	18.51	210	22.72
44	19915	79	20.03	215	22.72
45	20419	271	46.93	220	22.72
46	20670	92	21.32	225	22.72
47	21094	79	20.03	230	22.51
48	21876	369	73.42	235	22.72
49	21994	69	18.79	240	22.72
50	22008	57	16.93	245	22.72
51	22206	67	18.51	250	22.83
52	23078	56	16.76	255	22.72
53	23451	71	19.06	260	22.72
54	23500	62	17.75	265	22.83
55	24023	120	23.58	270	22.72
56	24221	300	52.79	275	22.72
57	24332	69	18.79	280	22.51
58	24993	101	22.08	285	22.62
59	26173	92	21.32	290	22.62
60	26463	56	16.76	295	22.83
61	27670	207	35.26	300	22.72
62	28405	92	21.32	305	22.72
63	30657	206	35.07	310	22.83
64	30830	334	61.44	315	22.83
65	31348	359	69.86	320	22.72
66	31780	135	24.92	325	22.51
67	32165	348	65.64	330	22.51
68	32370	316	56.81	335	22.72
69	32474	496	144.49	340	22.51
70	33309	93	21.41	345	22.51
71	33465	92	21.32	350	22.51
72	34212	127	24.18	355	22.62
73	35012	60	17.43	360	22.62
74	35090	384	80.08	365	22.72
75	35126	115	23.18	370	22.72
76	35558	163	28.2	375	22.62
77	35869	121	23.66	380	22.62
78	36098	50	15.67	385	22.51
79	36260	76	19.69	390	22.62
80	36352	149	26.42	395	22.51
81	38495	83	20.46	400	22.62
82	38557	63	17.91	405	22.51
83	39787	179	30.55	410	22.72
84	39849	319	57.64	415	22.62
85	40226	263	45.37	420	22.51
86	40287	339	62.98	425	22.62
87	43002	252	43.42	430	22.62
88	43425	51	15.86	435	22.72
89	43471	63	17.91	440	22.62
90	44171	76	19.69	445	22.72
91	44267	137	25.12	450	22.72
92	45511	608	202.86	455	22.62
93	46120	442	108.05	460	22.83
94	46889	76	19.69	465	22.72
95	47143	110	22.78	470	22.62
96	48051	167	28.76	475	22.62
97	48111	88	20.96	480	22.72
98	48346	71	19.06	485	22.51
99	48887	51	15.86	490	22.72
100	50591	50	15.67	495	22.72
101	51380	494	141.37	500	22.62
102	53134	217	37.04	505	22.51
103	53340	415	95	510	22.51
104	53721	231	39.55	515	22.83
105	54672	103	22.23	520	19.18
106	54751	121	23.66	525	19.93
107	55035	63	17.91	530	22.72
108	55097	74	19.44	535	22.62
109	55123	92	21.32	540	22.19
110	55326	327	59.28	545	22.19
111	55777	67	18.51	550	22.72
112	56476	241	41.39	555	20.58
113	56666	287	50.23	560	20.47
114	56946	74	19.44	565	20.25
115	57065	52	16.04	570	21.44
116	57251	345	64.98	575	22.51
117	58864	179	30.55	580	20.47
118	59150	102	22.15	585	20.47
119	60271	396	85.28	590	22.29
120	60581	359	69.86	595	20.25
121	60737	76	19.69	600	20.58
122	60844	317	56.91	605	22.62
123	60977	63	17.91	610	21.33
124	61669	174	29.79	615	22.29
125	62006	71	19.06	620	22.29
126	62272	335	61.77	625	22.19
127	63858	255	43.96	630	22.29
128	64111	89	21.05	635	22.72
129	64174	56	16.76	640	22.62
130	64284	67	18.51	645	21.97
131	66980	71	19.06	650	22.62
132	67264	117	23.34	655	22.51
133	67941	243	41.74	660	22.72
134	68870	79	20.03	665	22.62
135	69167	88	20.96	670	22.62
136	69701	61	17.6	675	22.51
137	71414	56	16.76	680	22.51
138	71774	57	16.93	685	22.72
139	72173	493	139.16	690	22.51
140	72294	66	18.36	695	22.51
141	72360	103	22.23	700	22.62
142	72430	117	23.34	705	22.62
143	72608	108	22.63	710	22.72
144	74031	176	30.09	715	22.62
145	74727	73	19.32	720	22.94
146	74979	124	23.92	725	22.72
147	75297	51	15.86	730	22.51
148	75932	71	19.06	735	22.62
149	76538	103	22.23	740	22.72
150	76550	83	20.46	745	22.72
151	76604	49	15.48	750	22.62
152	77030	391	82.35	755	22.62
153	77565	124	23.92	760	22.51
154	77648	271	46.93	765	22.51
155	78338	83	20.46	770	22.72
156	78364	115	23.18	775	22.72
157	79721	67	18.51	780	22.72
158	80062	199	33.86	785	22.62
159	80379	53	16.22	790	22.62
160	80535	49	15.48	795	22.62
161	80629	53	16.22	800	22.83
162	81354	63	17.91	805	22.62
163	81485	496	144.49	810	22.51
164	81788	415	95	815	22.51
165	81975	262	45.24	820	22.4
166	82546	120	23.58	825	22.62
167	82691	48	15.29	830	22.62
168	82707	63	17.91	835	22.62
169	82827	81	20.25	840	22.62
170	82835	51	15.86	845	22.62
171	83533	229	39.22	850	22.72
172	84834	57	16.93	855	22.72
173	85028	56	16.76	860	22.51
174	85775	51	15.86	865	22.51
175	86404	327	59.28	870	22.72
176	86697	51	15.86	875	22.72
177	86722	301	53.09	880	22.51
178	86850	505	145.23	885	22.62
179	86893	293	51.29	890	22.62
180	87182	263	45.37	895	22.72
181	87360	63	17.91	900	22.62
182	88513	62	17.75	905	22.51
183	88704	120	23.58	910	22.62
184	88897	96	21.67	915	22.62
185	89128	56	16.76	920	22.51
186	89183	76	19.69	925	22.72
187	89219	49	15.48	930	22.4
188	90786	57	16.93	935	22.51
189	91137	524	150.73	940	22.62
190	91308	63	17.91	946	22.72
191	91730	435	104.92	951	22.83
192	91760	49	15.48	956	22.62
193	91863	71	19.06	961	22.62
194	91885	88	20.96	966	22.51
195	93174	99	21.91	971	22.51
196	93574	385	80.11	976	22.62
197	93580	63	17.91	981	22.62
198	93723	96	21.67	986	22.4
199	94280	290	50.82	991	22.51
200	94314	62	17.75	996	22.62
201	95594	337	62.3	1001	22.72
202	96019	271	46.93	1006	22.51
203	96369	177	30.25	1011	22.51
204	96648	319	57.64	1016	22.72
205	96733	188	32.01	1021	22.4
206	97207	108	22.63	1026	22.72
207	97624	89	21.05	1031	22.72
208	97756	92	21.32	1036	22.51
209	97869	237	40.69	1041	22.72
210	98104	63	17.91	1046	22.51
211	98360	63	17.91	1051	22.51
212	98405	92	21.32	1056	22.51
213	99098	192	32.67	1061	22.62
214	99291	60	17.43	1066	22.51
215	99493	327	59.28	1071	22.51
216	99512	51	15.86	1076	22.62
217	100205	167	28.76	1081	22.72
218	100249	60	17.43	1086	22.4
219	100303	433	104.37	1092	22.72
220	100383	71	19.06	1097	22.62
221	100419	63	17.91	1102	22.62
222	100623	179	30.55	1108	22.62
223	100727	385	80.11	1113	22.62
224	100754	423	97.36	1118	22.51
225	101816	240	41.21	1123	22.72
226	101947	185	31.51	1129	22.51
227	102195	51	15.86	1134	22.51
228	102401	60	17.43	1139	22.51
229	102508	67	18.51	1145	22.51
230	102681	56	16.76	1151	22.51
231	103105	831	853.96	1156	22.62
232	103344	364	71.71	1161	22.62
233	103525	57	16.93	1166	22.51
234	103775	248	42.69	1171	22.72
235	103790	226	38.63	1177	22.51
236	103895	81	20.25	1183	22.51
237	104299	71	19.06	1188	22.51
238	104877	103	22.23	1193	22.4
239	105140	56	16.76	1198	22.72
240	105160	73	19.32	1203	22.51
241	106447	307	54.48	1208	22.51
242	106846	120	23.58	1213	22.4
243	106878	60	17.43	1219	22.51
244	106969	142	25.64	1225	22.72
245	107574	57	16.93	1230	22.51
246	107810	401	87.91	1235	22.62
247	107887	364	71.71	1240	22.51
248	108164	56	16.76	1245	22.51
249	108255	124	23.92	1250	22.51
250	108407	62	17.75	1256	22.72
251	108639	56	16.76	1262	22.62
252	109124	335	61.77	1267	22.62
253	110524	82	20.36	1272	19.82
254	110984	60	17.43	1277	19.93
255	111118	79	20.03	1283	22.83
256	111156	206	35.07	1288	22.62
257	111777	82	20.36	1293	22.72
258	111946	63	17.91	1298	22.72
259	112483	83	20.46	1304	22.51
260	113138	49	15.48	1309	19.93
261	113276	63	17.91	1314	20.04
262	113631	192	32.67	1320	21.97
263	113819	57	16.93	1325	22.19
264	114264	57	16.93	1330	22.51
265	116469	57	16.93	1335	21.97
266	116606	281	48.9	1340	22.62
267	117195	108	22.63	1346	22.51
268	117332	176	30.09	1351	19.29
269	117627	255	43.96	1356	20.36
270	118385	98	21.83	1361	21.97
271	118513	103	22.23	1366	22.4
272	121664	112	22.94	1371	22.62
273	122703	76	19.69	1376	22.51
274	123089	291	50.97	1381	22.51
275	123184	429	103.64	1386	22.72
276	123226	94	21.5	1391	22.62
277	123719	60	17.43	1396	22.72
278	123911	65	18.22	1402	20.36
279	124639	66	18.36	1408	22.19
280	125072	120	23.58	1414	22.62
281	125327	94	21.5	1420	22.62
282	125609	70	18.93	1425	22.4
283	125753	110	22.78	1430	22.51
284	126157	280	48.67	1435	22.51
285	126610	49	15.48	1441	22.51
286	126876	56	16.76	1446	19.72
287	128540	135	24.92	1451	19.07
288	129093	186	31.68	1457	22.51
289	129152	158	27.53	1462	22.62
290	129225	56	16.76	1467	21.76
291	129381	88	20.96	1472	22.62
292	129408	63	17.91	1477	22.51
293	130654	58	17.1	1483	20.58
294	130952	77	19.81	1488	21.87
295	131448	57	16.93	1493	22.4
296	131471	70	18.93	1498	21.97
297	131806	327	59.28	1504	22.51
298	131867	92	21.32	1509	22.19
299	131880	299	52.61	1514	22.19
300	131929	63	17.91	1519	22.62
301	132813	63	17.91	1525	20.79
302	133286	62	17.75	1531	22.62
303	133622	112	22.94	1537	22.72
304	135072	83	20.46	1542	19.07
305	135460	79	20.03	1547	20.25
306	135856	71	19.06	1552	22.62
307	137415	78	19.92	1557	22.62
308	138104	238	40.82	1562	22.51
309	138375	56	16.76	1568	22.51
310	138559	96	21.67	1573	22.51
311	139399	103	22.23	1578	20.9
312	141302	85	20.67	1583	20.15
313	141954	140	25.42	1588	22.62
314	142367	67	18.51	1594	22.62
315	142995	53	16.22	1600	22.62
316	143286	62	17.75	1605	20.58
317	143722	387	81.05	1611	22.94
318	144070	51	15.86	1616	21.44
319	146043	201	34.22	1621	22.72
320	146159	83	20.46	1626	22.62
321	146440	192	32.67	1631	22.62
322	146715	113	23.02	1636	22.62
323	147110	243	41.74	1641	22.72
324	147338	63	17.91	1647	22.83
325	147442	50	15.67	1653	22.62
326	147553	143	25.74	1658	22.72
327	148523	99	21.91	1663	22.72
328	148661	110	22.78	1668	22.72
329	150046	147	26.19	1673	22.94
330	150752	99	21.91	1678	22.83
331	153078	206	35.07	1683	22.72
332	153452	329	59.91	1688	22.83
333	154159	56	16.76	1693	22.62
334	155403	192	32.67	1698	22.72
335	156267	159	27.66	1703	22.62
336	156794	307	54.48	1708	22.94
337	157381	53	16.22	1713	22.72
338	157822	85	20.67	1718	22.72
339	158304	62	17.75	1723	22.72
340	158432	230	39.39	1729	22.62
341	158476	99	21.91	1734	22.83
342	158962	78	19.92	1739	22.83
343	159371	91	21.23	1744	22.72
344	160476	63	17.91	1749	22.72
345	161113	254	43.77	1755	22.94
346	163900	73	19.32	1760	22.72
347	164260	487	132.65	1765	22.62
348	165259	63	17.91	1771	22.83
349	165843	81	20.25	1777	22.72
350	166365	60	17.43	1782	22.72
351	166493	522	154.94	1788	22.94
352	167351	88	20.96	1794	22.83
353	168711	79	20.03	1799	22.51
354	169276	135	24.92	1804	22.72
355	171208	96	21.67	1810	22.72
356	171354	88	20.96	1815	22.51
357	171436	345	64.98	1820	22.62
358	173034	75	19.57	1825	22.62
359	173077	85	20.67	1830	22.94
360	174627	75	19.57	1835	22.62
361	175214	49	15.48	1840	22.72
362	175435	62	17.75	1845	22.72
363	175713	60	17.43	1851	22.62
364	176481	56	16.76	1857	22.72
365	177596	62	17.75	1862	22.51
366	177975	67	18.51	1868	22.51
367	178049	124	23.92	1874	22.51
368	178149	192	32.67	1880	22.72
369	178577	83	20.46	1885	22.72
370	178757	380	78.12	1890	22.72
371	178849	127	24.18	1895	22.51
372	179813	56	16.76	1900	22.51
373	180389	243	41.74	1905	22.62
374	180933	76	19.69	1911	22.72
375	181223	99	21.91	1916	22.62
376	181825	92	21.32	1921	22.62
377	182119	120	23.58	1926	22.72
378	183447	92	21.32	1932	22.72
379	183646	649	269.34	1937	22.83
380	183708	57	16.93	1942	22.72
381	184310	449	112.05	1947	22.94
382	184361	102	22.15	1952	22.83
383	184392	60	17.43	1957	22.83
384	185529	451	113.08	1963	22.72
385	185996	152	26.78	1968	22.72
386	188045	98	21.83	1973	22.72
387	188052	67	18.51	1978	22.83
388	188090	97	21.75	1984	22.62
389	188547	60	17.43	1989	22.83
390	188624	207	35.26	1995	22.83
391	188805	107	22.55	2000	22.72
392	189302	79	20.03	2005	22.83
393	189489	60	17.43	2010	22.94
394	189569	312	55.68	2016	22.94
395	189916	49	15.48	2021	22.72
396	190491	211	35.96	2026	22.83
397	190757	83	20.46	2031	22.51
398	191125	73	19.32	2036	23.05
399	191140	335	61.77	2041	22.83
400	191154	57	16.93	2046	22.83
401	191768	98	21.83	2056	22.83
402	192061	51	15.86	2061	22.72
403	193424	96	21.67	2066	22.83
404	194555	441	109.77	2071	22.83
405	195140	121	23.66	2076	22.72
406	195979	99	21.91	2082	22.83
407	196273	58	17.1	2087	22.83
408	196579	89	21.05	2092	22.94
409	196661	188	32.01	2097	22.72
410	196910	56	16.76	2102	22.62
411	197783	248	42.69	2107	22.83
412	198606	560	175.34	2113	22.83
413	198739	82	20.36	2119	22.83
414	199388	71	19.06	2124	22.94
415	199919	211	35.96	2129	22.72
416	199988	198	33.69	2134	22.83
417	200704	110	22.78	2139	22.94
418	201491	176	30.09	2144	22.83
419	201533	177	30.25	2149	22.72
420	201543	412	92.93	2154	22.72
421	201822	94	21.5	2159	22.94
422	202023	63	17.91	2164	22.62
423	203454	152	26.78	2170	22.83
424	203536	112	22.94	2175	22.62
425	204007	63	17.91	2180	22.94
426	204120	103	22.23	2186	22.83
427	206121	194	33	2191	22.83
428	206148	89	21.05	2196	22.62
429	206401	51	15.86	2201	22.72
430	206927	103	22.23	2206	22.94
431	207258	106	22.47	2211	22.72
432	208152	99	21.91	2216	22.94
433	210077	255	43.96	2221	22.94
434	210094	222	37.96	2226	22.62
435	210449	171	29.34	2231	22.83
436	210731	112	22.94	2236	22.62
437	210860	306	54.23	2241	22.51
438	211813	96	21.67	2246	22.94
439	211922	143	25.74	2251	22.72
440	212475	140	25.42	2256	22.94
441	212959	66	18.36	2262	22.94
442	213011	51	15.86	2268	22.94
443	213230	376	76.43	2273	22.72
444	214013	230	39.39	2278	22.94
445	214394	240	41.21	2283	22.72
446	214839	71	19.06	2289	22.62
447	214990	248	42.69	2294	22.83
448	215951	124	23.92	2300	22.83
449	216392	167	28.76	2306	22.51
450	216675	78	19.92	2311	22.83
451	216878	409	91.12	2316	22.94
452	217849	489	138.11	2321	22.83
453	218007	63	17.91	2327	22.94
454	218764	291	50.97	2333	22.72
455	219123	71	19.06	2338	22.72
456	219202	248	42.69	2343	22.83
457	219858	224	38.29	2349	22.83
458	220337	93	21.41	2354	23.05
459	221499	248	42.69	2359	23.05
460	221596	92	21.32	2365	22.62
461	223334	314	56.08	2370	22.94
462	223877	275	47.73	2375	23.15
463	225241	231	39.55	2381	22.83
464	225295	63	17.91	2386	22.94
465	225480	291	50.97	2392	22.83
466	225906	71	19.06	2397	22.72
467	225928	268	46.26	2402	22.72
468	226370	121	23.66	2408	22.94
469	226761	71	19.06	2414	22.94
470	227821	56	16.76	2419	22.94
471	228176	67	18.51	2424	22.83
472	228626	89	21.05	2430	22.83
473	229050	537	162.17	2435	22.83
474	229325	70	18.93	2441	22.83
475	229496	71	19.06	2447	23.05
476	229695	583	201.26	2452	23.05
477	230236	99	21.91	2457	22.94
478	230902	230	39.39	2462	22.62
479	231405	51	15.86	2467	23.05
480	231715	106	22.47	2472	23.05
481	231754	551	164.56	2477	22.94
482	231930	88	20.96	2483	22.83
483	231985	63	17.91	2488	22.94
484	232968	63	17.91	2494	22.94
485	233066	63	17.91	2500	23.15
486	233306	63	17.91	2506	22.94
487	233589	63	17.91	2512	22.72
488	233772	63	17.91	2518	22.94
489	234195	281	48.9	2524	23.15
490	234768	485	135.76	2530	22.83
491	235386	57	16.93	2536	22.83
492	236029	61	17.6	2541	23.05
493	236119	79	20.03	2547	22.94
494	237637	78	19.92	2552	22.83
495	238099	65	18.22	2557	22.94
496	238531	313	56.02	2563	22.94
497	238545	99	21.91	2568	22.94
498	238860	127	24.18	2573	23.05
499	239177	51	15.86	2578	22.94
500	239186	51	15.86	2583	22.51
501	241191	280	48.67	2588	23.05
502	241694	91	21.23	2594	23.05
503	241803	51	15.86	2599	22.94
504	242091	96	21.67	2604	22.94
505	242154	56	16.76	2609	23.05
506	242672	76	19.69	2614	22.72
507	242760	57	16.93	2619	22.94
508	243479	85	20.67	2624	22.94
509	244732	454	115.28	2629	22.62
510	245075	106	22.47	2635	22.94
511	245643	96	21.67	2640	23.05
512	245654	115	23.18	2645	22.62
513	246239	355	68.3	2651	22.94
514	246359	325	59.05	2656	22.72
515	247052	92	21.32	2661	22.94
516	247172	389	81.58	2666	22.94
517	247200	70	18.93	2671	22.83
518	247207	110	22.78	2677	22.72
519	247967	88	20.96	2682	22.94
520	248203	199	33.86	2687	22.72
521	248541	384	80.08	2692	22.83
522	248823	102	22.15	2697	22.62
523	249793	79	20.03	2702	22.83
524	250048	89	21.05	2707	22.94
525	250389	88	20.96	2712	22.72
526	251057	76	19.69	2717	22.83
527	251070	67	18.51	2722	22.94
528	251264	127	24.18	2728	22.83
529	252304	77	19.81	2733	23.05
530	252355	56	16.76	2738	23.15
531	252879	252	43.42	2743	23.05
532	252914	99	21.91	2749	22.94
533	253116	70	18.93	2754	22.83
534	253312	252	43.42	2760	22.94
535	253599	63	17.91	2766	22.94
536	253613	263	45.37	2772	22.83
537	253928	152	26.78	2778	23.05
538	254215	56	16.76	2783	22.94
539	254624	60	17.43	2788	22.94
540	255462	167	28.76	2794	22.83
541	255816	103	22.23	2799	22.94
542	256591	51	15.86	2804	22.83
543	256701	224	38.29	2809	22.83
544	256802	56	16.76	2814	22.94
545	256878	99	21.91	2819	23.15
546	256959	67	18.51	2824	22.72
547	257116	235	40.29	2830	22.94
548	258027	412	92.93	2836	22.94
549	258081	207	35.26	2841	22.83
550	258483	172	29.49	2846	22.72
551	258659	56	16.76	2851	22.72
552	259654	413	94.4	2856	22.72
553	259857	444	109.09	2861	22.94
554	260175	56	16.76	2866	23.15
555	260215	216	36.85	2871	22.62
556	260313	63	17.91	2876	22.94
557	260371	102	22.15	2882	23.05
558	260563	89	21.05	2887	22.72
559	261021	51	15.86	2892	22.83
560	261093	88	20.96	2897	22.83
561	262017	71	19.06	2902	22.72
562	262428	63	17.91	2907	22.83
563	263065	319	57.64	2913	22.72
564	263392	56	16.76	2918	22.83
565	263417	519	154.3	2923	22.83
566	264153	415	95	2929	22.94
567	264339	531	160.62	2934	22.83
568	265312	78	19.92	2940	22.83
569	266904	174	29.79	2945	22.83
570	266963	263	45.37	2950	22.94
571	267567	60	17.43	2956	22.94
572	267805	99	21.91	2962	22.83
573	268024	270	46.71	2967	22.94
574	268447	211	35.96	2973	22.83
575	269614	352	66.89	2978	22.83
576	269724	120	23.58	2983	22.83
577	269959	352	66.89	2989	22.83
578	270012	114	23.1	2994	22.72
579	270953	53	16.22	2999	22.83
580	271748	83	20.46	3004	22.72
581	271884	60	17.43	3009	22.83
582	272061	63	17.91	3015	22.83
583	272624	103	22.23	3021	22.51
584	272956	49	15.48	3026	22.72
585	272986	101	22.08	3031	22.94
586	273264	202	34.38	3036	22.94
587	274543	423	97.36	3041	22.72
588	274612	79	20.03	3046	22.51
589	275192	82	20.36	3051	22.72
590	275506	199	33.86	3056	22.51
591	276008	92	21.32	3061	22.72
592	276031	110	22.78	3066	22.62
593	276337	327	59.28	3071	22.72
594	276419	403	88.99	3076	22.94
595	276539	62	17.75	3081	22.72
596	276860	60	17.43	3087	22.62
597	276908	71	19.06	3093	22.72
598	278026	63	17.91	3098	22.72
599	278488	71	19.06	3104	22.51
600	278592	89	21.05	3109	22.83
601	278833	115	23.18	3114	22.83
602	279107	110	22.78	3119	22.83
603	280546	216	36.85	3124	22.72
604	280643	63	17.91	3129	22.94
605	281593	83	20.46	3135	22.62
606	281726	54	16.41	3140	22.83
607	282620	96	21.67	3145	22.72
608	282920	57	16.93	3150	22.62
609	284765	79	20.03	3155	22.83
610	284959	353	67.64	3160	22.72
611	285755	75	19.57	3165	22.83
612	285817	120	23.58	3170	22.94
613	285863	88	20.96	3176	22.72
614	286106	300	52.79	3181	22.72
615	286349	391	82.35	3186	22.72
616	286706	99	21.91	3191	22.83
617	286915	53	16.22	3196	22.83
618	287302	112	22.94	3201	22.83
619	287411	142	25.64	3206	22.51
620	287801	62	17.75	3211	22.72
621	288159	71	19.06	3217	22.83
622	288961	183	31.19	3222	22.51
623	289154	71	19.06	3227	22.72
624	290332	112	22.94	3232	22.72
625	293096	448	112.41	3237	22.72
626	293224	326	59.13	3242	22.72
627	293400	122	23.75	3247	22.62
628	294023	63	17.91	3253	22.62
629	294322	51	15.86	3259	22.72
630	294844	120	23.58	3264	22.72
631	295487	83	20.46	3270	22.51
632	296162	51	15.86	3275	22.83
633	296352	69	18.79	3280	22.83
634	296965	67	18.51	3286	22.83
635	297641	230	39.39	3292	22.94
636	297747	231	39.55	3297	22.72
637	297975	135	24.92	3302	22.94
638	298403	57	16.93	3308	22.83
639	298533	163	28.2	3313	22.72
640	298813	73	19.32	3318	22.83
641	298986	524	150.73	3323	22.83
642	299131	103	22.23	3329	22.83
643	300051	184	31.36	3334	22.83
644	300654	96	21.67	3339	22.94
645	300675	240	41.21	3344	22.94
646	301425	201	34.22	3350	22.62
647	303216	88	20.96	3355	22.72
648	303785	57	16.93	3360	22.83
649	304413	327	59.28	3365	22.62
650	304842	204	34.73	3370	22.72
651	305464	51	15.86	3375	22.62
652	305677	60	17.43	3380	22.72
653	306121	79	20.03	3386	22.62
654	306616	176	30.09	3391	22.72
655	306649	51	15.86	3396	22.72
656	306993	353	67.64	3401	22.72
657	307378	79	20.03	3406	22.72
658	307783	252	43.42	3411	22.51
659	308089	83	20.46	3417	22.51
660	308195	74	19.44	3422	22.83
661	308914	79	20.03	3427	22.72
662	309750	63	17.91	3432	22.51
663	309762	259	44.69	3438	22.62
664	309916	50	15.67	3444	22.72
665	310003	62	17.75	3449	22.72
666	310611	1023	2152.99	3455	22.51
667	312750	93	21.41	3461	22.62
668	313115	156	27.28	3466	22.83
669	313169	66	18.36	3471	22.72
670	313989	112	22.94	3477	22.62
671	314407	56	16.76	3482	22.72
672	314790	313	56.02	3487	22.72
673	315033	76	19.69	3492	22.51
674	315268	233	39.92	3497	22.62
675	315765	120	23.58	3502	22.72
676	316383	92	21.32	3508	22.72
677	317415	198	33.69	3513	22.72
678	317809	51	15.86	3518	22.72
679	317902	120	23.58	3523	22.94
680	317925	79	20.03	3529	22.72
681	318066	163	28.2	3534	22.94
682	319606	255	43.96	3539	22.83
683	320306	376	76.43	3544	22.62
684	320724	263	45.37	3549	22.62
685	320955	76	19.69	3555	22.72
686	321145	188	32.01	3560	22.72
687	321991	103	22.23	3565	22.72
688	322168	263	45.37	3570	22.62
689	322221	76	19.69	3576	22.62
690	322323	240	41.21	3581	22.72
691	322551	131	24.54	3587	22.62
692	322934	103	22.23	3593	22.72
693	323341	70	18.93	3598	22.72
694	323939	70	18.93	3604	22.51
695	324275	102	22.15	3609	22.72
696	324287	79	20.03	3614	22.72
697	324566	163	28.2	3619	22.72
698	324824	57	16.93	3624	22.72
699	324912	94	21.5	3629	22.62
700	325037	51	15.86	3634	22.72
701	325061	480	130.21	3639	22.83
702	326003	88	20.96	3645	22.72
703	326266	56	16.76	3650	22.72
704	326505	63	17.91	3655	22.51
705	327671	70	18.93	3661	22.72
706	328196	313	56.02	3667	22.72
707	328334	147	26.19	3672	22.94
708	328368	56	16.76	3677	22.51
709	328379	50	15.67	3683	22.83
710	329337	49	15.48	3688	22.72
711	329435	82	20.36	3693	22.94
712	329696	263	45.37	3698	22.83
713	329932	491	137.65	3704	22.83
714	330407	109	22.7	3710	22.51
715	330442	147	26.19	3715	22.62
716	331199	270	46.71	3720	22.72
717	331461	97	21.75	3726	22.83
718	331565	135	24.92	3731	22.62
719	331639	99	21.91	3737	22.83
720	333208	60	17.43	3742	22.62
721	333559	67	18.51	3748	22.51
722	333745	61	17.6	3754	22.72
723	333928	76	19.69	3760	22.83
724	335113	94	21.5	3765	22.83
725	335705	127	24.18	3770	22.62
726	335867	469	125.85	3775	22.72
727	337077	127	24.18	3781	22.94
728	338946	60	17.43	3786	22.83
729	339470	122	23.75	3792	22.94
730	340080	67	18.51	3798	22.94
731	340497	121	23.66	3804	22.94
732	340750	57	16.93	3810	22.83
733	341006	220	37.58	3815	22.72
734	342139	335	61.77	3820	22.72
735	342856	387	81.05	3825	22.94
736	345019	66	18.36	3830	22.83
737	345287	88	20.96	3836	22.72
738	345785	83	20.46	3841	22.83
739	346396	83	20.46	3846	22.83
740	346661	60	17.43	3851	23.05
741	347961	125	24	3857	22.72
742	348742	60	17.43	3863	22.83
743	348942	291	50.97	3869	22.83
744	351783	78	19.92	3874	22.94
745	352057	76	19.69	3879	22.51
746	352371	112	22.94	3884	22.83
747	352415	74	19.44	3889	22.94
748	352599	110	22.78	3894	22.62
749	353501	69	18.79	3899	22.72
750	354373	70	18.93	3905	22.72
751	354450	88	20.96	3911	22.83
752	354550	56	16.76	3916	22.72
753	354947	58	17.1	3921	22.72
754	355088	69	18.79	3926	23.05
755	355165	63	17.91	3932	22.94
756	355297	49	15.48	3938	22.72
757	355562	432	101.61	3943	22.72
758	356101	131	24.54	3948	22.83
759	357383	268	46.26	3954	22.62
760	357393	69	18.79	3960	22.62
761	358501	54	16.41	3966	22.72
762	359069	460	119.54	3971	22.51
763	359948	220	37.58	3977	22.83
764	360558	51	15.86	3982	22.94
765	361570	123	23.83	3987	22.94
766	361819	271	46.93	3993	22.83
767	362753	59	17.27	3999	22.72
768	363763	71	19.06	4004	22.94
769	363837	92	21.32	4009	22.83
770	364098	102	22.15	4014	22.94
771	364388	69	18.79	4019	22.83
772	364423	271	46.93	4025	22.62
773	364611	143	25.74	4031	22.72
774	365783	88	20.96	4036	22.94
775	366168	61	17.6	4041	22.83
776	366538	101	22.08	4047	22.83
777	366828	314	56.08	4052	22.72
778	366968	62	17.75	4057	22.62
779	367292	88	20.96	4063	22.94
780	367442	61	17.6	4068	22.62
781	368250	299	52.61	4074	22.83
782	369731	110	22.78	4079	22.51
783	370145	115	23.18	4084	22.83
784	370242	56	16.76	4089	23.05
785	371281	96	21.67	4094	22.72
786	372177	49	15.48	4099	22.62
787	373374	56	16.76	4104	22.72
788	373879	195	33.17	4109	22.83
789	373990	71	19.06	4114	22.72
790	374001	480	130.21	4119	22.62
791	374518	60	17.43	4125	22.72
792	375916	222	37.96	4131	22.72
793	376008	143	25.74	4136	22.72
794	377040	323	58.48	4141	22.62
795	377167	63	17.91	4146	22.62
796	377921	55	16.58	4152	22.62
797	378050	152	26.78	4157	22.51
798	378987	92	21.32	4162	22.62
799	382242	60	17.43	4167	22.62
800	382511	352	66.89	4173	22.72
801	382542	125	24	4178	22.72
802	382556	51	15.86	4184	22.51
803	382640	131	24.54	4189	22.62
804	383002	432	101.61	4195	22.72
805	383056	233	39.92	4200	22.62
806	383252	255	43.96	4205	22.51
807	383293	73	19.32	4210	22.72
808	383933	265	45.75	4215	22.72
809	383958	88	20.96	4221	22.83
810	385092	236	40.44	4226	22.62
811	386607	51	15.86	4232	22.72
812	387551	56	16.76	4237	22.72
813	388290	173	29.64	4242	22.83
814	389368	259	44.69	4247	22.83
815	389505	218	37.23	4253	22.51
816	389983	231	39.55	4258	22.62
817	391224	254	43.77	4263	22.83
818	391762	103	22.23	4268	22.62
819	393232	291	50.97	4273	22.72
820	393708	192	32.67	4278	22.62
821	394147	89	21.05	4283	22.62
822	394183	83	20.46	4288	22.62
823	394254	236	40.44	4293	22.72
824	394439	101	22.08	4299	22.72
825	394677	88	20.96	4304	22.72
826	395309	101	22.08	4309	22.72
827	395936	60	17.43	4314	22.72
828	395961	371	73.82	4320	22.72
829	395970	89	21.05	4325	22.51
830	396762	56	16.76	4330	22.62
831	396851	305	53.88	4335	22.62
832	398187	53	16.22	4340	22.72
833	398309	167	28.76	4345	22.83
834	399323	249	42.85	4350	22.72
835	400210	67	18.51	4356	22.62
836	400350	92	21.32	4362	22.94
837	401790	266	46	4367	22.51
838	401984	56	16.76	4373	22.83
839	402022	361	70.62	4378	22.62
840	402206	70	18.93	4383	22.51
841	402299	51	15.86	4388	22.62
842	402336	125	24	4393	22.72
843	402934	207	35.26	4399	22.51
844	403864	51	15.86	4404	22.72
845	405016	323	58.48	4409	22.72
846	406528	77	19.81	4414	22.83
847	406800	63	17.91	4419	22.62
848	407001	335	61.77	4425	22.62
849	407420	486	135.98	4430	22.51
850	408174	70	18.93	4436	22.51
851	408259	62	17.75	4441	22.83
852	408411	428	101.58	4447	22.62
853	408537	583	201.26	4452	22.72
854	409156	67	18.51	4457	22.72
855	409684	88	20.96	4463	22.62
856	410706	207	35.26	4468	22.72
857	411276	83	20.46	4473	22.72
858	412146	79	20.03	4478	22.83
859	412394	76	19.69	4483	22.62
860	412699	89	21.05	4488	22.72
861	413259	369	73.42	4493	22.83
862	413367	263	45.37	4498	22.83
863	413532	70	18.93	4504	22.62
864	413932	85	20.67	4510	22.51
865	414038	192	32.67	4515	22.83
866	415217	147	26.19	4520	22.72
867	417472	192	32.67	4525	22.72
868	417737	56	16.76	4530	22.94
869	417823	355	68.3	4535	22.62
870	417915	96	21.67	4540	22.83
871	418149	94	21.5	4545	22.72
872	418281	188	32.01	4550	22.72
873	418359	71	19.06	4555	22.72
874	418547	56	16.76	4560	22.94
875	418920	76	19.69	4565	22.51
876	420665	103	22.23	4570	22.83
877	422154	92	21.32	4575	22.62
878	422472	62	17.75	4580	23.05
879	422995	71	19.06	4586	22.62
880	423272	88	20.96	4591	22.72
881	423285	112	22.94	4596	22.72
882	423447	103	22.23	4602	22.72
883	424079	67	18.51	4607	22.83
884	424108	339	62.98	4613	22.72
885	424437	211	35.96	4618	22.94
886	425322	78	19.92	4623	22.72
887	425526	469	125.85	4628	22.62
888	425548	76	19.69	4634	22.83
889	427305	63	17.91	4639	22.62
890	427440	326	59.13	4645	22.83
891	427579	83	20.46	4650	22.94
892	427713	113	23.02	4655	23.05
893	427874	368	72.93	4660	22.62
894	428058	113	23.02	4665	23.05
895	428679	172	29.49	4670	22.83
896	428960	156	27.28	4675	22.83
897	429576	162	28.06	4680	23.05
898	430608	193	32.84	4685	22.72
899	430683	339	62.98	4690	22.62
900	432708	71	19.06	4695	22.83
901	432754	312	55.68	4700	22.83
902	432962	319	57.64	4705	23.15
903	433294	327	59.28	4710	22.83
904	433673	127	24.18	4715	22.83
905	433845	56	16.76	4720	22.94
906	434076	238	40.82	4725	22.83
907	434181	69	18.79	4731	22.83
908	435326	58	17.1	4737	22.83
909	436922	364	71.71	4742	22.83
910	437805	227	38.83	4747	22.83
911	438007	79	20.03	4752	22.94
912	438061	70	18.93	4757	22.83
913	438382	159	27.66	4762	23.05
914	439120	95	21.58	4767	22.83
915	439837	51	15.86	4772	22.94
916	440232	56	16.76	4777	23.05
917	440577	66	18.36	4782	22.72
918	440853	280	48.67	4788	22.94
919	441945	60	17.43	4794	22.94
920	441958	469	125.85	4800	23.05
921	442043	103	22.23	4806	22.72
922	442962	207	35.26	4811	22.83
923	444088	88	20.96	4816	22.94
924	444100	60	17.43	4821	22.83
925	444189	112	22.94	4827	22.83
926	444653	98	21.83	4832	23.05
927	444670	49	15.48	4837	22.72
928	444735	103	22.23	4842	22.94
929	444809	62	17.75	4847	22.94
930	445065	51	15.86	4853	22.83
931	445171	60	17.43	4858	22.83
932	445788	192	32.67	4864	22.72
933	445885	88	20.96	4869	22.94
934	446227	88	20.96	4874	22.72
935	446646	120	23.58	4879	22.83
936	446998	115	23.18	4885	22.94
937	447486	201	34.22	4890	22.94
938	448240	304	53.73	4895	22.83
939	448623	319	57.64	4900	22.72
940	449644	97	21.75	4905	22.83
941	449720	335	61.77	4910	23.15
942	449757	51	15.86	4915	22.83
943	450562	63	17.91	4920	22.83
944	450764	88	20.96	4926	22.83
945	450909	49	15.48	4931	22.83
946	451537	121	23.66	4936	22.83
947	451713	92	21.32	4942	22.51
948	453286	92	21.32	4947	22.72
949	453776	319	57.64	4952	23.05
950	453922	63	17.91	4957	22.94
951	454116	88	20.96	4963	22.94
952	455288	108	22.63	4968	22.94
953	455333	76	19.69	4973	22.94
954	456193	135	24.92	4978	22.72
955	456417	227	38.83	4984	22.83
956	456833	440	109.25	4989	22.94
957	457451	76	19.69	4994	22.83
958	457482	88	20.96	4999	23.15
959	458387	236	40.44	5004	23.05
960	458599	350	66.46	5010	22.94
961	458967	70	18.93	5015	22.94
962	459815	284	49.41	5021	22.72
963	460024	92	21.32	5026	23.15
964	460124	131	24.54	5031	22.83
965	460138	73	19.32	5037	22.83
966	461360	384	80.08	5042	23.15
967	461568	71	19.06	5047	22.94
968	461706	77	19.81	5052	22.83
969	462053	263	45.37	5057	22.72
970	462871	172	29.49	5063	23.05
971	463862	60	17.43	5068	22.72
972	463962	62	17.75	5074	22.83
973	464103	377	76.28	5080	22.83
974	464542	50	15.67	5085	22.83
975	464552	89	21.05	5090	22.83
976	464756	147	26.19	5095	22.83
977	464843	448	112.41	5100	22.94
978	466701	240	41.21	5106	22.83
979	468722	275	47.73	5112	22.72
980	469180	78	19.92	5118	22.72
981	469236	178	30.4	5123	22.72
982	469436	115	23.18	5128	22.83
983	469683	77	19.81	5133	22.83
984	469904	448	112.41	5138	22.94
985	469917	56	16.76	5143	22.83
986	470742	51	15.86	5149	23.05
987	470989	92	21.32	5154	22.94
988	472146	63	17.91	5159	22.72
989	472221	92	21.32	5165	22.83
990	472448	79	20.03	5170	22.62
991	472559	76	19.69	5175	22.83
992	473639	127	24.18	5180	22.83
993	473830	66	18.36	5185	22.83
994	474786	53	16.22	5191	22.83
995	474862	53	16.22	5196	22.83
996	475318	70	18.93	5201	22.72
997	476464	76	19.69	5207	22.83
998	477004	103	22.23	5212	22.72
999	477016	82	20.36	5217	22.94
1000	477057	69	18.79	5222	22.83
1001	477291	51	15.86	5228	22.83
1002	478131	71	19.06	5233	23.05
1003	479687	67	18.51	5239	22.83
1004	479937	57	16.93	5245	22.72
1005	481153	83	20.46	5251	22.72
1006	481190	71	19.06	5257	22.72
1007	481519	249	42.85	5263	22.72
1008	482876	108	22.63	5269	22.83
1009	483030	220	37.58	5274	22.72
1010	484505	199	33.86	5279	22.83
1011	484793	63	17.91	5284	22.83
1012	486114	57	16.93	5290	22.72
1013	486316	263	45.37	5296	22.72
1014	486338	63	17.91	5302	22.72
1015	486688	92	21.32	5308	23.05
1016	486976	188	32.01	5313	22.72
1017	488027	78	19.92	5318	22.94
1018	488577	53	16.22	5323	23.05
1019	488873	217	37.04	5328	22.83
1020	489138	62	17.75	5333	22.94
1021	489333	63	17.91	5339	22.83
1022	489403	79	20.03	5345	22.72
1023	489553	179	30.55	5350	22.72
1024	489573	63	17.91	5355	22.72
1025	489932	209	35.61	5361	23.05
1026	490983	112	22.94	5366	22.72
1027	491166	448	112.41	5372	22.94
1028	491375	92	21.32	5378	23.05
1029	491484	76	19.69	5383	22.83
1030	492424	60	17.43	5388	22.72
1031	493030	48	15.29	5394	22.62
1032	493279	77	19.81	5399	22.72
1033	493917	63	17.91	5404	22.72
1034	494257	263	45.37	5410	23.05
1035	494429	76	19.69	5416	22.62
1036	494553	263	45.37	5421	22.72
1037	494707	159	27.66	5427	22.72
1038	495303	287	50.23	5432	22.72
1039	496100	70	18.93	5438	22.94
1040	496156	60	17.43	5444	22.72
1041	496220	177	30.25	5450	22.94
1042	496570	120	23.58	5455	22.72
1043	496876	108	22.63	5461	22.72
1044	496978	313	56.02	5466	22.83
1045	498130	82	20.36	5471	22.83
1046	499287	108	22.63	5476	22.72
1047	499439	62	17.75	5481	22.94
1048	499729	231	39.55	5487	22.72
1049	501388	147	26.19	5493	22.94
1050	502289	79	20.03	5499	22.62
1051	502407	88	20.96	5504	22.72
1052	502582	131	24.54	5509	22.72
1053	503455	199	33.86	5515	23.05
1054	504494	79	20.03	5520	22.83
1055	505133	73	19.32	5525	22.72
1056	505833	220	37.58	5531	22.72
1057	505965	57	16.93	5536	22.72
1058	506788	96	21.67	5542	22.62
1059	507147	81	20.25	5547	22.51
1060	507842	127	24.18	5552	22.83
1061	508658	90	21.14	5558	22.62
1062	509026	106	22.47	5563	22.51
1063	510048	408	90.57	5568	22.83
1064	510832	63	17.91	5573	22.83
1065	511238	56	16.76	5579	22.62
1066	511429	88	20.96	5585	22.72
1067	511758	79	20.03	5590	22.62
1068	512411	316	56.81	5595	22.72
1069	513103	319	57.64	5600	22.94
1070	513431	127	24.18	5605	22.83
1071	513664	159	27.66	5611	22.62
1072	514848	63	17.91	5616	22.72
1073	515300	213	36.33	5622	22.72
1074	515696	268	46.26	5627	22.72
1075	515823	69	18.79	5633	22.83
1076	516185	287	50.23	5639	22.72
1077	516478	60	17.43	5645	22.94
1078	516603	349	66.33	5651	22.83
1079	516670	291	50.97	5656	22.72
1080	518609	51	15.86	5662	22.94
1081	519279	57	16.93	5667	22.62
1082	519425	83	20.46	5672	22.72
1083	519741	159	27.66	5677	22.72
1084	520416	63	17.91	5682	22.83
1085	520720	415	95	5688	22.72
1086	521128	124	23.92	5693	22.83
1087	521666	83	20.46	5699	22.72
1088	523247	112	22.94	5704	22.94
1089	523447	66	18.36	5710	22.83
1090	524548	77	19.81	5716	22.51
1091	524754	222	37.96	5721	22.83
1092	525619	185	31.51	5726	22.83
1093	526270	448	112.41	5731	22.94
1094	526816	142	25.64	5737	22.62
1095	526940	63	17.91	5743	23.05
1096	527534	56	16.76	5749	22.62
1097	529036	79	20.03	5755	22.83
1098	529132	63	17.91	5760	22.72
1099	530571	63	17.91	5766	22.83
1100	531127	408	90.57	5772	22.83
1101	532702	76	19.69	5777	22.62
1102	535178	255	43.96	5782	22.72
1103	535331	79	20.03	5787	22.62
1104	535851	423	97.36	5792	22.62
1105	535973	255	43.96	5797	22.72
1106	538724	403	88.99	5802	22.62
1107	539108	53	16.22	5807	22.72
1108	539902	105	22.39	5812	22.72
1109	540175	53	16.22	5817	22.51
1110	541877	70	18.93	5822	22.83
1111	542130	63	17.91	5828	22.83
1112	543531	124	23.92	5834	22.72
1113	543585	266	46	5840	22.62
1114	543656	63	17.91	5846	22.62
1115	543724	280	48.67	5852	22.72
1116	544084	57	16.93	5858	22.51
1117	544280	56	16.76	5864	22.83
1118	544510	387	81.05	5870	22.51
1119	544584	199	33.86	5875	22.83
1120	545135	704	326.52	5880	22.72
1121	546402	275	47.73	5885	22.72
1122	547179	83	20.46	5891	22.94
1123	547556	67	18.51	5896	22.94
1124	548287	57	16.93	5902	22.72
1125	548367	62	17.75	5908	22.62
1126	548445	61	17.6	5914	22.72
1127	548531	70	18.93	5920	22.83
1128	548671	295	51.75	5926	22.72
1129	548881	309	55.01	5932	22.83
1130	549364	71	19.06	5937	22.72
1131	550123	67	18.51	5943	22.51
1132	550275	55	16.58	5949	22.83
1133	550448	240	41.21	5954	22.72
1134	551118	281	48.9	5960	22.72
1135	551520	99	21.91	5966	22.72
1136	552645	153	26.9	5971	22.72
1137	552890	184	31.36	5976	22.83
1138	553264	62	17.75	5981	22.62
1139	553505	79	20.03	5987	22.83
1140	553520	71	19.06	5992	22.83
1141	554715	70	18.93	5998	22.94
1142	556845	56	16.76	6004	22.62
1143	557466	56	16.76	6010	22.94
1144	557859	73	19.32	6016	22.62
1145	558273	78	19.92	6022	22.72
1146	558285	102	22.15	6027	22.72
1147	559124	92	21.32	6032	22.62
1148	559384	88	20.96	6037	22.83
1149	559874	63	17.91	6042	22.51
1150	560464	78	19.92	6048	22.83
1151	561199	60	17.43	6053	22.72
1152	562772	152	26.78	6059	22.62
1153	563158	259	44.69	6064	22.51
1154	563396	49	15.48	6070	22.83
1155	563576	287	50.23	6075	22.83
1156	565012	67	18.51	6081	22.62
1157	565428	152	26.78	6087	22.83
1158	566423	224	38.29	6092	22.62
1159	566661	69	18.79	6098	22.62
1160	566985	79	20.03	6104	22.62
1161	567319	231	39.55	6109	22.72
1162	568814	265	45.75	6115	22.62
1163	568982	255	43.96	6121	22.72
1164	569273	352	66.89	6126	22.94
1165	569327	70	18.93	6131	22.72
1166	569520	63	17.91	6137	22.62
1167	569755	88	20.96	6143	22.72
1168	569975	78	19.92	6148	22.72
1169	570653	344	64.67	6153	22.62
1170	571593	57	16.93	6158	22.72
1171	571685	63	17.91	6164	22.83
1172	572534	51	15.86	6170	22.72
1173	573021	51	15.86	6175	22.62
1174	573140	334	61.44	6180	22.94
1175	573283	56	16.76	6185	22.72
1176	573418	195	33.17	6191	22.51
1177	573615	163	28.2	6196	22.83
1178	573902	67	18.51	6202	22.51
1179	574181	57	16.93	6208	22.72
1180	574412	505	145.23	6214	22.72
1181	574648	83	20.46	6220	22.94
1182	575115	259	44.69	6225	22.62
1183	575598	124	23.92	6231	22.72
1184	575788	51	15.86	6237	22.62
1185	575987	127	24.18	6242	22.83
1186	576363	69	18.79	6248	22.72
1187	577490	332	61.17	6254	22.72
1188	578477	63	17.91	6260	22.62
1189	578840	81	20.25	6266	22.62
1190	578949	67	18.51	6271	22.83
1191	579213	102	22.15	6277	22.83
1192	579313	115	23.18	6282	22.72
1193	579824	103	22.23	6288	22.51
1194	580713	120	23.58	6293	22.51
1195	580896	85	20.67	6299	22.72
1196	582137	101	22.08	6304	22.51
1197	582881	240	41.21	6309	22.72
1198	583618	159	27.66	6315	22.62
1199	584388	62	17.75	6320	22.51
1200	584866	88	20.96	6326	22.72
1201	587428	455	117.03	6331	22.72
1202	587607	216	36.85	6337	22.72
1203	589107	61	17.6	6342	22.72
1204	589195	63	17.91	6348	22.72
1205	591086	63	17.91	6354	22.62
1206	591502	112	22.94	6360	22.72
1207	592392	255	43.96	6366	22.72
1208	592646	115	23.18	6371	22.62
1209	592656	76	19.69	6377	22.72
1210	592976	158	27.53	6382	22.62
1211	593513	83	20.46	6387	22.62
1212	593732	88	20.96	6392	22.62
1213	594041	316	56.81	6397	22.72
1214	594226	81	20.25	6402	22.62
1215	596221	127	24.18	6407	22.83
1216	596501	56	16.76	6413	22.51
1217	597075	108	22.63	6419	22.62
1218	597861	53	16.22	6424	22.51
1219	598309	63	17.91	6429	22.83
1220	598828	51	15.86	6435	22.62
1221	601111	146	26.08	6440	22.51
1222	601137	259	44.69	6446	22.72
1223	601609	108	22.63	6452	22.62
1224	602174	57	16.93	6457	22.62
1225	602336	115	23.18	6463	22.62
1226	602536	385	80.11	6469	22.62
1227	603144	62	17.75	6474	22.62
1228	603368	268	46.26	6480	22.72
1229	603701	63	17.91	6486	22.83
1230	605138	60	17.43	6492	22.62
1231	605158	163	28.2	6498	22.72
1232	605862	241	41.39	6504	22.62
1233	606618	253	43.55	6510	22.51
1234	606641	102	22.15	6516	22.72
1235	606929	263	45.37	6521	22.83
1236	607023	73	19.32	6527	22.62
1237	608175	79	20.03	6533	22.72
1238	608289	88	20.96	6538	22.4
1239	608303	113	23.02	6543	22.51
1240	608329	88	20.96	6549	22.51
1241	609120	252	43.42	6554	22.72
1242	610237	56	16.76	6560	22.62
1243	610574	60	17.43	6566	22.62
1244	610860	76	19.69	6572	22.62
1245	611184	249	42.85	6577	22.51
1246	611517	51	15.86	6583	22.83
1247	612116	71	19.06	6588	22.62
1248	612331	103	22.23	6594	22.62
1249	612756	51	15.86	6599	22.51
1250	612855	62	17.75	6604	22.62
1251	613055	127	24.18	6610	22.72
1252	613103	85	20.67	6616	22.72
1253	613775	63	17.91	6621	22.72
1254	613792	53	16.22	6627	22.72
1255	614018	50	15.67	6632	22.62
1256	614645	312	55.68	6637	22.62
1257	615852	252	43.42	6642	22.51
1258	616796	204	34.73	6648	22.72
1259	617422	166	28.62	6653	22.83
1260	617490	135	24.92	6659	22.83
1261	617833	294	51.51	6665	22.62
1262	618648	63	17.91	6671	22.51
1263	619058	176	30.09	6677	22.62
1264	619493	60	17.43	6682	22.72
1265	619547	88	20.96	6688	22.72
1266	619597	231	39.55	6693	22.72
1267	619768	62	17.75	6699	22.62
1268	620160	66	18.36	6705	22.62
1269	620175	70	18.93	6711	22.62
1270	620215	103	22.23	6717	22.51
1271	621085	71	19.06	6722	22.72
1272	621231	307	54.48	6728	22.51
1273	621779	78	19.92	6733	22.72
1274	623236	51	15.86	6738	22.83
1275	623669	304	53.73	6743	22.62
1276	625403	319	57.64	6748	22.51
1277	625461	412	92.93	6753	22.72
1278	625831	70	18.93	6758	22.83
1279	626397	71	19.06	6764	22.72
1280	627133	71	19.06	6770	22.94
1281	627301	92	21.32	6776	22.94
1282	627619	338	62.67	6781	22.83
1283	627773	437	106.21	6786	23.05
1284	627811	108	22.63	6791	22.83
1285	627861	103	22.23	6796	22.72
1286	628787	103	22.23	6801	22.94
1287	629163	79	20.03	6806	22.83
1288	629871	56	16.76	6811	22.72
1289	630166	391	82.35	6817	22.83
1290	630327	56	16.76	6822	22.83
1291	630569	90	21.14	6828	22.94
1292	631027	56	16.76	6833	22.83
1293	632445	62	17.75	6839	22.94
1294	633368	135	24.92	6845	22.83
1295	633800	108	22.63	6851	22.72
1296	634970	62	17.75	6856	22.83
1297	635159	70	18.93	6862	22.94
1298	636481	71	19.06	6868	22.83
1299	636916	63	17.91	6874	22.83
1300	637382	67	18.51	6880	22.83
1301	637662	112	22.94	6886	22.83
1302	638158	89	21.05	6892	22.94
1303	638342	92	21.32	6897	22.94
1304	639326	145	25.96	6902	22.94
1305	639378	113	23.02	6908	22.72
1306	639738	280	48.67	6914	22.83
1307	639849	88	20.96	6920	22.83
1308	639930	105	22.39	6925	22.83
1309	640119	81	20.25	6930	22.72
1310	640594	57	16.93	6935	22.94
1311	640870	339	62.98	6941	22.72
1312	641144	143	25.74	6946	22.94
1313	641483	70	18.93	6952	22.94
1314	641928	67	18.51	6958	22.94
1315	642062	63	17.91	6964	22.62
1316	642239	248	42.69	6970	22.94
1317	642392	531	160.62	6976	22.72
1318	642902	57	16.93	6982	22.72
1319	643129	81	20.25	6988	22.83
1320	643165	206	35.07	6993	22.94
1321	643359	236	40.44	6998	22.94
1322	644072	158	27.53	7004	22.83
1323	644168	373	75.04	7009	22.83
1324	645064	348	65.64	7014	22.72
1325	645413	99	21.91	7019	22.62
1326	647250	204	34.73	7024	22.72
1327	648298	460	119.54	7029	22.94
1328	648685	108	22.63	7035	22.62
1329	649082	60	17.43	7040	22.83
1330	649550	291	50.97	7046	22.83
1331	651512	98	21.83	7052	22.62
1332	651565	92	21.32	7057	22.72
1333	651819	110	22.78	7062	22.72
1334	651872	63	17.91	7067	22.83
1335	653172	67	18.51	7073	22.72
1336	653591	620	217.12	7079	22.83
1337	653851	143	25.74	7084	22.72
1338	653981	79	20.03	7090	22.51
1339	654461	434	104.89	7095	22.72
1340	654849	70	18.93	7100	22.83
1341	655870	78	19.92	7106	22.94
1342	656830	69	18.79	7111	22.94
1343	657031	71	19.06	7117	22.72
1344	657526	348	65.64	7123	22.51
1345	657540	240	41.21	7128	22.72
1346	658127	106	22.47	7134	22.72
1347	660547	227	38.83	7139	22.83
1348	660750	295	51.75	7145	22.72
1349	661898	125	24	7151	22.51
1350	663226	99	21.91	7157	22.51
1351	663791	117	23.34	7162	22.72
1352	664027	63	17.91	7168	22.62
1353	664069	174	29.79	7174	22.72
1354	665046	236	40.44	7179	22.83
1355	665057	83	20.46	7185	22.62
1356	665245	127	24.18	7191	22.72
1357	665468	63	17.91	7197	22.62
1358	665712	125	24	7203	22.83
1359	666321	69	18.79	7209	22.72
1360	667483	79	20.03	7215	22.72
1361	669085	327	59.28	7220	22.72
1362	669419	371	73.82	7226	22.83
1363	669722	226	38.63	7231	22.83
1364	670247	368	72.93	7237	22.62
1365	670944	97	21.75	7242	22.62
1366	671325	238	40.82	7247	22.62
1367	672796	50	15.67	7253	22.62
1368	673489	185	31.51	7258	22.83
1369	673668	243	41.74	7263	22.83
1370	673741	79	20.03	7269	22.83
1371	673769	357	68.97	7274	22.72
1372	674311	63	17.91	7279	22.94
1373	675525	153	26.9	7285	22.83
1374	675588	67	18.51	7291	22.83
1375	675986	61	17.6	7297	22.83
1376	676507	496	144.49	7303	22.51
1377	676677	261	45.09	7309	22.83
1378	676795	152	26.78	7315	22.51
1379	677410	186	31.68	7320	22.72
1380	677826	142	25.64	7325	22.62
1381	678491	71	19.06	7331	23.05
1382	678897	271	46.93	7337	22.83
1383	679879	216	36.85	7343	22.83
1384	680897	89	21.05	7348	22.72
1385	681213	277	48.09	7353	22.94
1386	681951	192	32.67	7359	22.94
1387	682407	449	112.05	7364	22.83
1388	683141	158	27.53	7369	22.72
1389	683689	58	17.1	7374	22.72
1390	685568	60	17.43	7380	22.72
1391	685995	67	18.51	7386	22.72
1392	687585	147	26.19	7392	22.62
1393	687706	99	21.91	7398	22.94
1394	687777	89	21.05	7403	22.83
1395	687890	79	20.03	7408	22.72
1396	688587	177	30.25	7413	22.72
1397	688835	216	36.85	7418	22.83
1398	689161	57	16.93	7423	22.72
1399	689533	76	19.69	7429	22.62
1400	689931	230	39.39	7434	22.83
1401	690870	101	22.08	7440	22.94
1402	693245	323	58.48	7445	22.62
1403	693466	529	156.43	7451	22.83
1404	693664	101	22.08	7457	22.72
1405	693875	108	22.63	7462	22.72
1406	694111	88	20.96	7467	22.62
1407	694537	304	53.73	7472	22.62
1408	694838	82	20.36	7477	22.72
1409	695474	121	23.66	7482	22.51
1410	696655	92	21.32	7488	22.94
1411	697128	120	23.58	7493	22.83
1412	697462	56	16.76	7499	22.72
1413	698284	248	42.69	7505	22.83
1414	698457	78	19.92	7511	22.62
1415	698711	472	125.87	7516	22.72
1416	699714	57	16.93	7522	22.94
1417	699923	345	64.98	7528	22.72
1418	700340	96	21.67	7533	22.72
1419	701553	313	56.02	7538	22.94
1420	701633	112	22.94	7543	22.72
1421	702003	89	21.05	7549	22.83
1422	702083	67	18.51	7554	22.83
1423	702174	263	45.37	7560	22.72
1424	702566	207	35.26	7566	22.94
1425	703632	127	24.18	7571	22.72
1426	704371	504	143.61	7577	22.83
1427	704735	56	16.76	7583	22.62
1428	705366	124	23.92	7589	22.83
1429	706108	207	35.26	7595	22.83
1430	706499	319	57.64	7600	22.72
1431	707346	396	85.28	7605	22.83
1432	707458	231	39.55	7610	22.94
1433	707507	156	27.28	7616	22.62
1434	708042	81	20.25	7621	22.62
1435	708366	97	21.75	7626	22.62
1436	708876	231	39.55	7631	22.83
1437	709136	159	27.66	7637	22.62
1438	709385	51	15.86	7642	22.62
1439	709487	269	46.58	7647	22.83
1440	710596	67	18.51	7653	22.83
1441	710885	304	53.73	7659	22.62
1442	711582	88	20.96	7664	22.72
1443	711774	89	21.05	7669	22.94
1444	712766	56	16.76	7674	22.72
1445	713940	275	47.73	7680	22.83
1446	714238	78	19.92	7686	22.83
1447	714388	537	162.17	7691	22.83
1448	714488	56	16.76	7697	22.83
1449	714566	53	16.22	7703	22.83
1450	714813	192	32.67	7708	22.83
1451	715096	49	15.48	7713	22.83
1452	715361	97	21.75	7718	22.72
1453	715396	78	19.92	7723	22.72
1454	716132	88	20.96	7728	22.94
1455	716467	327	59.28	7733	22.94
1456	717607	117	23.34	7739	22.94
1457	719282	316	56.81	7745	22.94
1458	719342	158	27.53	7750	23.05
1459	720401	99	21.91	7755	22.72
1460	720851	92	21.32	7760	22.94
1461	721541	67	18.51	7765	22.72
1462	721765	56	16.76	7771	23.05
1463	721849	290	50.82	7777	22.94
1464	722524	71	19.06	7783	22.83
1465	723561	112	22.94	7789	23.05
1466	723624	51	15.86	7795	22.72
1467	723674	110	22.78	7800	23.15
1468	724960	335	61.77	7805	23.05
1469	725040	236	40.44	7810	23.05
1470	725225	309	55.01	7816	22.94
1471	725850	63	17.91	7821	22.94
1472	726173	263	45.37	7827	22.83
1473	726581	88	20.96	7833	23.05
1474	727251	58	17.1	7838	23.15
1475	727822	71	19.06	7844	23.05
1476	728437	441	109.77	7850	23.05
1477	728886	124	23.92	7855	22.94
1478	729413	243	41.74	7861	22.72
1479	729576	319	57.64	7867	22.83
1480	730813	453	113.81	7872	22.83
1481	732054	81	20.25	7878	23.15
1482	732247	376	76.43	7883	23.05
1483	732386	255	43.96	7888	22.72
1484	732877	255	43.96	7893	23.05
1485	733805	240	41.21	7898	22.94
1486	734036	83	20.46	7904	22.94
1487	734283	425	99.48	7909	22.72
1488	734324	101	22.08	7914	22.83
1489	734391	384	80.08	7919	22.94
1490	734867	63	17.91	7924	23.05
1491	736684	335	61.77	7930	22.83
1492	736791	207	35.26	7935	22.83
1493	737079	163	28.2	7940	22.83
1494	737416	51	15.86	7946	22.94
1495	737948	94	21.5	7951	22.72
1496	739121	51	15.86	7956	22.83
1497	740087	300	52.79	7961	22.83
1498	741145	98	21.83	7967	22.83
1499	741885	78	19.92	7972	22.72
1500	742446	306	54.23	7977	23.05
1501	742732	102	22.15	7983	22.83
1502	742752	106	22.47	7988	22.62
1503	742907	319	57.64	7993	22.72
1504	743275	307	54.48	7998	22.94
1505	743522	71	19.06	8004	22.72
1506	743659	396	85.28	8010	22.83
1507	743677	103	22.23	8015	22.83
1508	744418	71	19.06	8020	22.83
1509	744767	249	42.85	8026	22.94
1510	745244	56	16.76	8032	22.72
1511	745728	109	22.7	8038	22.83
1512	745785	51	15.86	8043	22.94
1513	745886	195	33.17	8048	22.83
1514	746460	255	43.96	8053	22.94
1515	746860	88	20.96	8058	22.83
1516	747173	77	19.81	8063	22.94
1517	747608	499	141.24	8068	22.83
1518	747836	711	380.66	8074	22.72
1519	748402	167	28.76	8079	22.94
1520	748410	95	21.58	8084	22.62
1521	748839	380	78.12	8089	22.83
1522	749591	280	48.67	8094	22.72
1523	751492	66	18.36	8100	22.83
1524	751764	99	21.91	8106	22.72
1525	752310	51	15.86	8111	22.4
1526	753013	63	17.91	8116	22.62
1527	753225	211	35.96	8122	22.94
1528	753618	85	20.67	8127	22.72
1529	754302	368	72.93	8132	22.72
1530	754357	295	51.75	8137	22.62
1531	754754	110	22.78	8143	22.94
1532	754851	51	15.86	8148	22.72
1533	755411	113	23.02	8153	22.83
1534	755965	325	59.05	8159	22.72
1535	756691	97	21.75	8165	22.83
1536	758468	71	19.06	8170	22.94
1537	758488	76	19.69	8176	22.51
1538	758550	259	44.69	8181	22.72
1539	758781	423	97.36	8187	22.72
1540	760113	451	113.08	8192	22.72
1541	760637	57	16.93	8198	22.62
1542	760983	115	23.18	8204	22.94
1543	761090	67	18.51	8210	22.62
1544	761407	53	16.22	8216	22.62
1545	761939	86	20.77	8221	22.72
1546	762105	63	17.91	8226	22.83
1547	762308	60	17.43	8232	22.72
1548	762700	103	22.23	8238	22.72
1549	762711	71	19.06	8243	22.94
1550	762871	231	39.55	8249	22.72
1551	764356	60	17.43	8255	22.51
1552	765633	143	25.74	8261	22.72
1553	766017	167	28.76	8267	22.94
1554	766590	608	202.86	8272	22.83
1555	767152	248	42.69	8277	22.72
1556	767883	57	16.93	8283	22.94
1557	767909	335	61.77	8289	22.72
1558	767939	57	16.93	8295	22.72
1559	768087	83	20.46	8301	22.72
1560	768312	254	43.77	8306	22.62
1561	769989	67	18.51	8312	22.83
1562	770570	60	17.43	8318	22.62
1563	770740	51	15.86	8324	22.62
1564	771187	361	70.62	8329	22.51
1565	771528	399	87.3	8334	22.62
1566	771738	357	68.97	8339	22.62
1567	771744	524	150.73	8344	22.62
1568	772423	79	20.03	8350	22.72
1569	772866	693	330.93	8355	22.62
1570	773429	53	16.22	8360	22.4
1571	774171	51	15.86	8365	22.83
1572	775779	83	20.46	8370	22.51
1573	776612	241	41.39	8375	22.83
1574	777435	352	66.89	8381	22.51
1575	777535	92	21.32	8386	22.72
1576	777607	67	18.51	8391	22.51
1577	777974	88	20.96	8397	22.51
1578	778684	92	21.32	8402	22.83
1579	778889	585	189.11	8407	22.51
1580	779190	63	17.91	8413	22.62
1581	779273	89	21.05	8419	22.51
1582	779708	176	30.09	8424	22.72
1583	780996	103	22.23	8429	22.62
1584	781352	316	56.81	8434	22.72
1585	783591	79	20.03	8439	22.51
1586	783798	295	51.75	8444	22.62
1587	783919	97	21.75	8450	22.51
1588	784397	63	17.91	8455	22.72
1589	785060	50	15.67	8461	22.72
1590	785158	79	20.03	8466	22.51
1591	785560	115	23.18	8471	22.72
1592	785636	57	16.93	8477	22.62
1593	785722	51	15.86	8483	22.72
1594	786276	312	55.68	8488	22.51
1595	787366	56	16.76	8493	22.62
1596	788262	142	25.64	8499	22.4
1597	788315	153	26.9	8505	22.62
1598	788876	83	20.46	8511	22.62
1599	789054	58	17.1	8516	22.72
1600	789597	50	15.67	8522	22.51
1601	790144	79	20.03	8527	22.72
1602	790945	224	38.29	8532	22.83
1603	791388	63	17.91	8538	22.62
1604	792119	92	21.32	8544	22.62
1605	794402	50	15.67	8549	22.72
1606	795296	71	19.06	8554	22.62
1607	795616	83	20.46	8560	22.83
1608	795954	57	16.93	8565	22.72
1609	797433	304	53.73	8571	22.62
1610	798690	89	21.05	8576	22.72
1611	798926	103	22.23	8581	22.83
1612	799617	192	32.67	8586	22.62
1613	800378	57	16.93	8591	22.62
1614	801031	103	22.23	8597	22.72
1615	801303	67	18.51	8602	22.72
1616	801467	56	16.76	8608	22.62
1617	801701	69	18.79	8614	22.62
1618	802266	113	23.02	8620	22.83
1619	802309	60	17.43	8626	22.72
1620	802599	143	25.74	8632	22.83
1621	802663	269	46.58	8638	22.4
1622	802695	63	17.91	8644	22.51
1623	802731	93	21.41	8650	22.72
1624	802940	110	22.78	8655	22.51
1625	803649	178	30.4	8660	22.51
1626	803942	519	154.3	8665	22.51
1627	804020	117	23.34	8671	22.72
1628	804905	79	20.03	8677	22.72
1629	805089	344	64.67	8682	22.51
1630	806969	358	69.1	8687	22.83
1631	807474	222	37.96	8692	22.62
1632	807720	248	42.69	8697	22.72
1633	808184	76	19.69	8703	22.83
1634	809605	57	16.93	8708	22.83
1635	809699	79	20.03	8714	22.94
1636	810674	111	22.86	8719	22.94
1637	810690	211	35.96	8724	22.83
1638	811041	63	17.91	8729	22.94
1639	811751	172	29.49	8735	22.62
1640	811924	88	20.96	8740	22.94
1641	813289	61	17.6	8745	22.62
1642	813569	451	113.08	8751	22.62
1643	813686	227	38.83	8756	22.94
1644	815066	248	42.69	8762	22.72
1645	816537	63	17.91	8768	22.62
1646	816896	125	24	8774	22.62
1647	816939	60	17.43	8780	22.83
1648	817037	78	19.92	8786	22.72
1649	817198	60	17.43	8791	22.62
1650	817363	79	20.03	8797	22.62
1651	818167	71	19.06	8802	22.62
1652	818571	56	16.76	8808	22.62
1653	818968	79	20.03	8814	22.94
1654	820847	184	31.36	8819	22.83
1655	821264	335	61.77	8824	22.51
1656	821299	63	17.91	8829	22.51
1657	821866	92	21.32	8835	22.62
1658	822397	96	21.67	8840	22.83
1659	822515	50	15.67	8845	22.51
1660	822844	88	20.96	8850	22.72
1661	823266	112	22.94	8855	22.62
1662	823655	56	16.76	8861	22.94
1663	823704	49	15.48	8867	22.94
1664	824328	83	20.46	8872	22.83
1665	824684	147	26.19	8877	22.72
1666	825232	224	38.29	8883	22.72
1667	825463	245	42.08	8889	22.72
1668	826330	85	20.67	8895	22.72
1669	826447	287	50.23	8900	22.94
1670	826721	51	15.86	8906	22.72
1671	827706	158	27.53	8911	22.62
1672	829753	96	21.67	8916	22.94
1673	830386	71	19.06	8921	22.72
1674	830857	48	15.29	8927	22.72
1675	831229	51	15.86	8932	22.83
1676	831447	63	17.91	8937	22.72
1677	831605	51	15.86	8943	22.62
1678	833857	117	23.34	8948	22.62
1679	834285	83	20.46	8954	22.51
1680	834675	63	17.91	8959	22.83
1681	835548	60	17.43	8965	22.94
1682	835596	71	19.06	8971	22.72
1683	835729	96	21.67	8977	22.83
1684	836001	349	66.33	8982	22.83
1685	836532	103	22.23	8987	22.62
1686	836677	94	21.5	8992	22.83
1687	836921	56	16.76	8997	22.94
1688	836933	280	48.67	9003	22.83
1689	837652	83	20.46	9009	22.83
1690	837744	57	16.93	9014	22.83
1691	838808	81	20.25	9020	22.83
1692	839176	143	25.74	9025	22.62
1693	839280	50	15.67	9031	22.83
1694	839401	255	43.96	9036	22.72
1695	839595	346	64.94	9041	22.72
1696	839681	63	17.91	9046	22.83
1697	841665	99	21.91	9052	22.94
1698	843168	70	18.93	9057	22.62
1699	843206	97	21.75	9063	22.62
1700	843968	127	24.18	9068	22.72
1701	844039	127	24.18	9074	22.62
1702	844149	291	50.97	9080	22.72
1703	845264	76	19.69	9086	22.62
1704	845897	89	21.05	9091	22.51
1705	846202	282	49.11	9096	22.72
1706	846531	376	76.43	9102	22.72
1707	846597	70	18.93	9107	22.83
1708	846699	127	24.18	9113	22.72
1709	847444	163	28.2	9119	22.62
1710	848063	88	20.96	9125	22.72
1711	848185	56	16.76	9130	22.72
1712	848381	63	17.91	9136	22.51
1713	848471	63	17.91	9142	22.51
1714	848530	49	15.48	9148	22.62
1715	849280	135	24.92	9153	22.72
1716	849367	78	19.92	9159	22.72
1717	849673	63	17.91	9164	22.62
1718	850641	300	52.79	9170	22.72
1719	851045	63	17.91	9176	22.51
1720	852911	213	36.33	9182	22.72
1721	853878	67	18.51	9187	22.51
1722	854119	140	25.42	9193	22.62
1723	854365	423	97.36	9199	22.4
1724	854958	58	17.1	9204	22.62
1725	855117	76	19.69	9210	22.72
1726	856119	58	17.1	9215	22.72
1727	856165	56	16.76	9221	22.51
1728	856517	332	61.17	9227	22.51
1729	857345	74	19.44	9233	22.51
1730	858009	319	57.64	9239	22.62
1731	858173	188	32.01	9244	22.62
1732	858322	112	22.94	9249	22.51
1733	858590	384	80.08	9255	22.83
1734	859600	70	18.93	9260	22.62
1735	859643	218	37.23	9266	22.51
1736	860491	57	16.93	9271	22.51
1737	860562	240	41.21	9277	22.83
1738	861285	184	31.36	9283	22.51
1739	862946	76	19.69	9288	22.51
1740	863025	88	20.96	9293	22.62
1741	863047	88	20.96	9298	22.51
1742	863734	51	15.86	9303	22.51
1743	863913	112	22.94	9308	22.51
1744	864306	71	19.06	9314	22.51
1745	864669	281	48.9	9320	22.72
1746	865226	334	61.44	9326	22.51
1747	865767	231	39.55	9331	22.51
1748	865866	307	54.48	9337	22.51
1749	866000	319	57.64	9342	22.51
1750	866379	142	25.64	9347	22.51
1751	866575	440	109.25	9353	22.62
1752	866681	71	19.06	9358	22.72
1753	866829	56	16.76	9364	22.51
1754	866905	102	22.15	9370	22.72
1755	867668	94	21.5	9375	22.62
1756	868199	67	18.51	9380	22.51
1757	868548	92	21.32	9386	22.51
1758	868704	62	17.75	9391	22.51
1759	868746	51	15.86	9397	22.51
1760	869015	216	36.85	9402	22.62
1761	869625	51	15.86	9407	22.62
1762	869700	241	41.39	9412	22.51
1763	869974	440	109.25	9418	22.83
1764	870539	56	16.76	9423	22.83
1765	870942	335	61.77	9429	22.62
1766	871043	89	21.05	9434	22.62
1767	871315	149	26.42	9439	22.72
1768	872128	271	46.93	9445	22.72
1769	872899	305	53.88	9451	22.51
1770	875383	185	31.51	9456	22.83
1771	875883	76	19.69	9461	22.62
1772	878527	199	33.86	9466	22.72
1773	878723	50	15.67	9471	22.51
1774	880370	70	18.93	9476	22.72
1775	880405	88	20.96	9482	22.51
1776	883038	103	22.23	9487	22.51
1777	883562	127	24.18	9492	22.62
1778	884276	103	22.23	9498	22.51
1779	884630	99	21.91	9503	22.51
1780	886973	81	20.25	9508	22.51
1781	887405	287	50.23	9513	22.72
1782	887959	89	21.05	9519	22.72
1783	888475	51	15.86	9524	22.51
1784	888647	71	19.06	9529	22.4
1785	888804	108	22.63	9535	22.72
1786	888894	216	36.85	9540	22.83
1787	888905	78	19.92	9545	22.62
1788	889794	76	19.69	9550	22.51
1789	889847	62	17.75	9555	22.62
1790	890587	92	21.32	9561	22.72
1791	890678	67	18.51	9566	22.62
1792	890773	57	16.93	9572	22.83
1793	890783	177	30.25	9578	22.51
1794	890842	67	18.51	9583	22.62
1795	890905	78	19.92	9589	22.4
1796	890914	63	17.91	9594	22.51
1797	891024	97	21.75	9600	22.51
1798	891051	293	51.29	9605	22.72
1799	891134	60	17.43	9611	22.62
1800	891300	199	33.86	9617	22.72
1801	891322	271	46.93	9622	22.51
1802	891921	79	20.03	9628	22.62
1803	891951	85	20.67	9633	22.51
1804	892248	88	20.96	9638	22.62
1805	892402	76	19.69	9643	22.62
1806	892810	94	21.5	9648	22.62
1807	893227	203	34.56	9653	22.51
1808	893616	88	20.96	9658	22.51
1809	893682	101	22.08	9663	22.72
1810	894024	71	19.06	9668	22.72
1811	894184	59	17.27	9674	22.72
1812	894577	58	17.1	9680	23.05
1813	894795	63	17.91	9686	22.72
1814	895028	57	16.93	9692	22.51
1815	895420	209	35.61	9697	22.51
1816	895796	63	17.91	9702	22.51
1817	896549	93	21.41	9708	22.62
1818	896678	96	21.67	9713	22.72
